960
0 21 84 63 
21 42 105 84 
63 84 147 126 
84 105 168 147 
126 147 210 189 
147 168 231 210 
189 210 273 252 
210 231 294 273 
252 273 336 315 
273 294 357 336 
315 336 399 378 
336 357 420 399 
378 399 462 441 
399 420 483 462 
441 462 525 504 
462 483 546 525 
504 525 588 567 
525 546 609 588 
567 588 651 630 
588 609 672 651 
630 651 714 693 
651 672 735 714 
693 714 777 756 
714 735 798 777 
756 777 840 819 
777 798 861 840 
819 840 903 882 
840 861 924 903 
882 903 966 945 
903 924 987 966 
945 966 1029 1008 
966 987 1050 1029 
1008 1029 1092 1071 
1029 1050 1113 1092 
1071 1092 1155 1134 
1092 1113 1176 1155 
1134 1155 1218 1197 
1155 1176 1239 1218 
1197 1218 1281 1260 
1218 1239 1302 1281 
20 41 104 83 
41 62 125 104 
83 104 167 146 
104 125 188 167 
146 167 230 209 
167 188 251 230 
209 230 293 272 
230 251 314 293 
272 293 356 335 
293 314 377 356 
335 356 419 398 
356 377 440 419 
398 419 482 461 
419 440 503 482 
461 482 545 524 
482 503 566 545 
524 545 608 587 
545 566 629 608 
587 608 671 650 
608 629 692 671 
650 671 734 713 
671 692 755 734 
713 734 797 776 
734 755 818 797 
776 797 860 839 
797 818 881 860 
839 860 923 902 
860 881 944 923 
902 923 986 965 
923 944 1007 986 
965 986 1049 1028 
986 1007 1070 1049 
1028 1049 1112 1091 
1049 1070 1133 1112 
1091 1112 1175 1154 
1112 1133 1196 1175 
1154 1175 1238 1217 
1175 1196 1259 1238 
1217 1238 1301 1280 
1238 1259 1322 1301 
0 63 64 1 
63 126 127 64 
126 189 190 127 
189 252 253 190 
252 315 316 253 
315 378 379 316 
378 441 442 379 
441 504 505 442 
504 567 568 505 
567 630 631 568 
630 693 694 631 
693 756 757 694 
756 819 820 757 
819 882 883 820 
882 945 946 883 
945 1008 1009 946 
1008 1071 1072 1009 
1071 1134 1135 1072 
1134 1197 1198 1135 
1197 1260 1261 1198 
1 64 65 2 
64 127 128 65 
127 190 191 128 
190 253 254 191 
253 316 317 254 
316 379 380 317 
379 442 443 380 
442 505 506 443 
505 568 569 506 
568 631 632 569 
631 694 695 632 
694 757 758 695 
757 820 821 758 
820 883 884 821 
883 946 947 884 
946 1009 1010 947 
1009 1072 1073 1010 
1072 1135 1136 1073 
1135 1198 1199 1136 
1198 1261 1262 1199 
2 65 66 3 
65 128 129 66 
128 191 192 129 
191 254 255 192 
254 317 318 255 
317 380 381 318 
380 443 444 381 
443 506 507 444 
506 569 570 507 
569 632 633 570 
632 695 696 633 
695 758 759 696 
758 821 822 759 
821 884 885 822 
884 947 948 885 
947 1010 1011 948 
1010 1073 1074 1011 
1073 1136 1137 1074 
1136 1199 1200 1137 
1199 1262 1263 1200 
3 66 67 4 
66 129 130 67 
129 192 193 130 
192 255 256 193 
255 318 319 256 
318 381 382 319 
381 444 445 382 
444 507 508 445 
507 570 571 508 
570 633 634 571 
633 696 697 634 
696 759 760 697 
759 822 823 760 
822 885 886 823 
885 948 949 886 
948 1011 1012 949 
1011 1074 1075 1012 
1074 1137 1138 1075 
1137 1200 1201 1138 
1200 1263 1264 1201 
4 67 68 5 
67 130 131 68 
130 193 194 131 
193 256 257 194 
256 319 320 257 
319 382 383 320 
382 445 446 383 
445 508 509 446 
508 571 572 509 
571 634 635 572 
634 697 698 635 
697 760 761 698 
760 823 824 761 
823 886 887 824 
886 949 950 887 
949 1012 1013 950 
1012 1075 1076 1013 
1075 1138 1139 1076 
1138 1201 1202 1139 
1201 1264 1265 1202 
5 68 69 6 
68 131 132 69 
131 194 195 132 
194 257 258 195 
257 320 321 258 
320 383 384 321 
383 446 447 384 
446 509 510 447 
509 572 573 510 
572 635 636 573 
635 698 699 636 
698 761 762 699 
761 824 825 762 
824 887 888 825 
887 950 951 888 
950 1013 1014 951 
1013 1076 1077 1014 
1076 1139 1140 1077 
1139 1202 1203 1140 
1202 1265 1266 1203 
6 69 70 7 
69 132 133 70 
132 195 196 133 
195 258 259 196 
258 321 322 259 
321 384 385 322 
384 447 448 385 
447 510 511 448 
510 573 574 511 
573 636 637 574 
636 699 700 637 
699 762 763 700 
762 825 826 763 
825 888 889 826 
888 951 952 889 
951 1014 1015 952 
1014 1077 1078 1015 
1077 1140 1141 1078 
1140 1203 1204 1141 
1203 1266 1267 1204 
7 70 71 8 
70 133 134 71 
133 196 197 134 
196 259 260 197 
259 322 323 260 
322 385 386 323 
385 448 449 386 
448 511 512 449 
511 574 575 512 
574 637 638 575 
637 700 701 638 
700 763 764 701 
763 826 827 764 
826 889 890 827 
889 952 953 890 
952 1015 1016 953 
1015 1078 1079 1016 
1078 1141 1142 1079 
1141 1204 1205 1142 
1204 1267 1268 1205 
8 71 72 9 
71 134 135 72 
134 197 198 135 
197 260 261 198 
260 323 324 261 
323 386 387 324 
386 449 450 387 
449 512 513 450 
512 575 576 513 
575 638 639 576 
638 701 702 639 
701 764 765 702 
764 827 828 765 
827 890 891 828 
890 953 954 891 
953 1016 1017 954 
1016 1079 1080 1017 
1079 1142 1143 1080 
1142 1205 1206 1143 
1205 1268 1269 1206 
9 72 73 10 
72 135 136 73 
135 198 199 136 
198 261 262 199 
261 324 325 262 
324 387 388 325 
387 450 451 388 
450 513 514 451 
513 576 577 514 
576 639 640 577 
639 702 703 640 
702 765 766 703 
765 828 829 766 
828 891 892 829 
891 954 955 892 
954 1017 1018 955 
1017 1080 1081 1018 
1080 1143 1144 1081 
1143 1206 1207 1144 
1206 1269 1270 1207 
10 73 74 11 
73 136 137 74 
136 199 200 137 
199 262 263 200 
262 325 326 263 
325 388 389 326 
388 451 452 389 
451 514 515 452 
514 577 578 515 
577 640 641 578 
640 703 704 641 
703 766 767 704 
766 829 830 767 
829 892 893 830 
892 955 956 893 
955 1018 1019 956 
1018 1081 1082 1019 
1081 1144 1145 1082 
1144 1207 1208 1145 
1207 1270 1271 1208 
11 74 75 12 
74 137 138 75 
137 200 201 138 
200 263 264 201 
263 326 327 264 
326 389 390 327 
389 452 453 390 
452 515 516 453 
515 578 579 516 
578 641 642 579 
641 704 705 642 
704 767 768 705 
767 830 831 768 
830 893 894 831 
893 956 957 894 
956 1019 1020 957 
1019 1082 1083 1020 
1082 1145 1146 1083 
1145 1208 1209 1146 
1208 1271 1272 1209 
12 75 76 13 
75 138 139 76 
138 201 202 139 
201 264 265 202 
264 327 328 265 
327 390 391 328 
390 453 454 391 
453 516 517 454 
516 579 580 517 
579 642 643 580 
642 705 706 643 
705 768 769 706 
768 831 832 769 
831 894 895 832 
894 957 958 895 
957 1020 1021 958 
1020 1083 1084 1021 
1083 1146 1147 1084 
1146 1209 1210 1147 
1209 1272 1273 1210 
13 76 77 14 
76 139 140 77 
139 202 203 140 
202 265 266 203 
265 328 329 266 
328 391 392 329 
391 454 455 392 
454 517 518 455 
517 580 581 518 
580 643 644 581 
643 706 707 644 
706 769 770 707 
769 832 833 770 
832 895 896 833 
895 958 959 896 
958 1021 1022 959 
1021 1084 1085 1022 
1084 1147 1148 1085 
1147 1210 1211 1148 
1210 1273 1274 1211 
14 77 78 15 
77 140 141 78 
140 203 204 141 
203 266 267 204 
266 329 330 267 
329 392 393 330 
392 455 456 393 
455 518 519 456 
518 581 582 519 
581 644 645 582 
644 707 708 645 
707 770 771 708 
770 833 834 771 
833 896 897 834 
896 959 960 897 
959 1022 1023 960 
1022 1085 1086 1023 
1085 1148 1149 1086 
1148 1211 1212 1149 
1211 1274 1275 1212 
15 78 79 16 
78 141 142 79 
141 204 205 142 
204 267 268 205 
267 330 331 268 
330 393 394 331 
393 456 457 394 
456 519 520 457 
519 582 583 520 
582 645 646 583 
645 708 709 646 
708 771 772 709 
771 834 835 772 
834 897 898 835 
897 960 961 898 
960 1023 1024 961 
1023 1086 1087 1024 
1086 1149 1150 1087 
1149 1212 1213 1150 
1212 1275 1276 1213 
16 79 80 17 
79 142 143 80 
142 205 206 143 
205 268 269 206 
268 331 332 269 
331 394 395 332 
394 457 458 395 
457 520 521 458 
520 583 584 521 
583 646 647 584 
646 709 710 647 
709 772 773 710 
772 835 836 773 
835 898 899 836 
898 961 962 899 
961 1024 1025 962 
1024 1087 1088 1025 
1087 1150 1151 1088 
1150 1213 1214 1151 
1213 1276 1277 1214 
17 80 81 18 
80 143 144 81 
143 206 207 144 
206 269 270 207 
269 332 333 270 
332 395 396 333 
395 458 459 396 
458 521 522 459 
521 584 585 522 
584 647 648 585 
647 710 711 648 
710 773 774 711 
773 836 837 774 
836 899 900 837 
899 962 963 900 
962 1025 1026 963 
1025 1088 1089 1026 
1088 1151 1152 1089 
1151 1214 1215 1152 
1214 1277 1278 1215 
18 81 82 19 
81 144 145 82 
144 207 208 145 
207 270 271 208 
270 333 334 271 
333 396 397 334 
396 459 460 397 
459 522 523 460 
522 585 586 523 
585 648 649 586 
648 711 712 649 
711 774 775 712 
774 837 838 775 
837 900 901 838 
900 963 964 901 
963 1026 1027 964 
1026 1089 1090 1027 
1089 1152 1153 1090 
1152 1215 1216 1153 
1215 1278 1279 1216 
19 82 83 20 
82 145 146 83 
145 208 209 146 
208 271 272 209 
271 334 335 272 
334 397 398 335 
397 460 461 398 
460 523 524 461 
523 586 587 524 
586 649 650 587 
649 712 713 650 
712 775 776 713 
775 838 839 776 
838 901 902 839 
901 964 965 902 
964 1027 1028 965 
1027 1090 1091 1028 
1090 1153 1154 1091 
1153 1216 1217 1154 
1216 1279 1280 1217 
42 105 106 43 
105 168 169 106 
168 231 232 169 
231 294 295 232 
294 357 358 295 
357 420 421 358 
420 483 484 421 
483 546 547 484 
546 609 610 547 
609 672 673 610 
672 735 736 673 
735 798 799 736 
798 861 862 799 
861 924 925 862 
924 987 988 925 
987 1050 1051 988 
1050 1113 1114 1051 
1113 1176 1177 1114 
1176 1239 1240 1177 
1239 1302 1303 1240 
43 106 107 44 
106 169 170 107 
169 232 233 170 
232 295 296 233 
295 358 359 296 
358 421 422 359 
421 484 485 422 
484 547 548 485 
547 610 611 548 
610 673 674 611 
673 736 737 674 
736 799 800 737 
799 862 863 800 
862 925 926 863 
925 988 989 926 
988 1051 1052 989 
1051 1114 1115 1052 
1114 1177 1178 1115 
1177 1240 1241 1178 
1240 1303 1304 1241 
44 107 108 45 
107 170 171 108 
170 233 234 171 
233 296 297 234 
296 359 360 297 
359 422 423 360 
422 485 486 423 
485 548 549 486 
548 611 612 549 
611 674 675 612 
674 737 738 675 
737 800 801 738 
800 863 864 801 
863 926 927 864 
926 989 990 927 
989 1052 1053 990 
1052 1115 1116 1053 
1115 1178 1179 1116 
1178 1241 1242 1179 
1241 1304 1305 1242 
45 108 109 46 
108 171 172 109 
171 234 235 172 
234 297 298 235 
297 360 361 298 
360 423 424 361 
423 486 487 424 
486 549 550 487 
549 612 613 550 
612 675 676 613 
675 738 739 676 
738 801 802 739 
801 864 865 802 
864 927 928 865 
927 990 991 928 
990 1053 1054 991 
1053 1116 1117 1054 
1116 1179 1180 1117 
1179 1242 1243 1180 
1242 1305 1306 1243 
46 109 110 47 
109 172 173 110 
172 235 236 173 
235 298 299 236 
298 361 362 299 
361 424 425 362 
424 487 488 425 
487 550 551 488 
550 613 614 551 
613 676 677 614 
676 739 740 677 
739 802 803 740 
802 865 866 803 
865 928 929 866 
928 991 992 929 
991 1054 1055 992 
1054 1117 1118 1055 
1117 1180 1181 1118 
1180 1243 1244 1181 
1243 1306 1307 1244 
47 110 111 48 
110 173 174 111 
173 236 237 174 
236 299 300 237 
299 362 363 300 
362 425 426 363 
425 488 489 426 
488 551 552 489 
551 614 615 552 
614 677 678 615 
677 740 741 678 
740 803 804 741 
803 866 867 804 
866 929 930 867 
929 992 993 930 
992 1055 1056 993 
1055 1118 1119 1056 
1118 1181 1182 1119 
1181 1244 1245 1182 
1244 1307 1308 1245 
48 111 112 49 
111 174 175 112 
174 237 238 175 
237 300 301 238 
300 363 364 301 
363 426 427 364 
426 489 490 427 
489 552 553 490 
552 615 616 553 
615 678 679 616 
678 741 742 679 
741 804 805 742 
804 867 868 805 
867 930 931 868 
930 993 994 931 
993 1056 1057 994 
1056 1119 1120 1057 
1119 1182 1183 1120 
1182 1245 1246 1183 
1245 1308 1309 1246 
49 112 113 50 
112 175 176 113 
175 238 239 176 
238 301 302 239 
301 364 365 302 
364 427 428 365 
427 490 491 428 
490 553 554 491 
553 616 617 554 
616 679 680 617 
679 742 743 680 
742 805 806 743 
805 868 869 806 
868 931 932 869 
931 994 995 932 
994 1057 1058 995 
1057 1120 1121 1058 
1120 1183 1184 1121 
1183 1246 1247 1184 
1246 1309 1310 1247 
50 113 114 51 
113 176 177 114 
176 239 240 177 
239 302 303 240 
302 365 366 303 
365 428 429 366 
428 491 492 429 
491 554 555 492 
554 617 618 555 
617 680 681 618 
680 743 744 681 
743 806 807 744 
806 869 870 807 
869 932 933 870 
932 995 996 933 
995 1058 1059 996 
1058 1121 1122 1059 
1121 1184 1185 1122 
1184 1247 1248 1185 
1247 1310 1311 1248 
51 114 115 52 
114 177 178 115 
177 240 241 178 
240 303 304 241 
303 366 367 304 
366 429 430 367 
429 492 493 430 
492 555 556 493 
555 618 619 556 
618 681 682 619 
681 744 745 682 
744 807 808 745 
807 870 871 808 
870 933 934 871 
933 996 997 934 
996 1059 1060 997 
1059 1122 1123 1060 
1122 1185 1186 1123 
1185 1248 1249 1186 
1248 1311 1312 1249 
52 115 116 53 
115 178 179 116 
178 241 242 179 
241 304 305 242 
304 367 368 305 
367 430 431 368 
430 493 494 431 
493 556 557 494 
556 619 620 557 
619 682 683 620 
682 745 746 683 
745 808 809 746 
808 871 872 809 
871 934 935 872 
934 997 998 935 
997 1060 1061 998 
1060 1123 1124 1061 
1123 1186 1187 1124 
1186 1249 1250 1187 
1249 1312 1313 1250 
53 116 117 54 
116 179 180 117 
179 242 243 180 
242 305 306 243 
305 368 369 306 
368 431 432 369 
431 494 495 432 
494 557 558 495 
557 620 621 558 
620 683 684 621 
683 746 747 684 
746 809 810 747 
809 872 873 810 
872 935 936 873 
935 998 999 936 
998 1061 1062 999 
1061 1124 1125 1062 
1124 1187 1188 1125 
1187 1250 1251 1188 
1250 1313 1314 1251 
54 117 118 55 
117 180 181 118 
180 243 244 181 
243 306 307 244 
306 369 370 307 
369 432 433 370 
432 495 496 433 
495 558 559 496 
558 621 622 559 
621 684 685 622 
684 747 748 685 
747 810 811 748 
810 873 874 811 
873 936 937 874 
936 999 1000 937 
999 1062 1063 1000 
1062 1125 1126 1063 
1125 1188 1189 1126 
1188 1251 1252 1189 
1251 1314 1315 1252 
55 118 119 56 
118 181 182 119 
181 244 245 182 
244 307 308 245 
307 370 371 308 
370 433 434 371 
433 496 497 434 
496 559 560 497 
559 622 623 560 
622 685 686 623 
685 748 749 686 
748 811 812 749 
811 874 875 812 
874 937 938 875 
937 1000 1001 938 
1000 1063 1064 1001 
1063 1126 1127 1064 
1126 1189 1190 1127 
1189 1252 1253 1190 
1252 1315 1316 1253 
56 119 120 57 
119 182 183 120 
182 245 246 183 
245 308 309 246 
308 371 372 309 
371 434 435 372 
434 497 498 435 
497 560 561 498 
560 623 624 561 
623 686 687 624 
686 749 750 687 
749 812 813 750 
812 875 876 813 
875 938 939 876 
938 1001 1002 939 
1001 1064 1065 1002 
1064 1127 1128 1065 
1127 1190 1191 1128 
1190 1253 1254 1191 
1253 1316 1317 1254 
57 120 121 58 
120 183 184 121 
183 246 247 184 
246 309 310 247 
309 372 373 310 
372 435 436 373 
435 498 499 436 
498 561 562 499 
561 624 625 562 
624 687 688 625 
687 750 751 688 
750 813 814 751 
813 876 877 814 
876 939 940 877 
939 1002 1003 940 
1002 1065 1066 1003 
1065 1128 1129 1066 
1128 1191 1192 1129 
1191 1254 1255 1192 
1254 1317 1318 1255 
58 121 122 59 
121 184 185 122 
184 247 248 185 
247 310 311 248 
310 373 374 311 
373 436 437 374 
436 499 500 437 
499 562 563 500 
562 625 626 563 
625 688 689 626 
688 751 752 689 
751 814 815 752 
814 877 878 815 
877 940 941 878 
940 1003 1004 941 
1003 1066 1067 1004 
1066 1129 1130 1067 
1129 1192 1193 1130 
1192 1255 1256 1193 
1255 1318 1319 1256 
59 122 123 60 
122 185 186 123 
185 248 249 186 
248 311 312 249 
311 374 375 312 
374 437 438 375 
437 500 501 438 
500 563 564 501 
563 626 627 564 
626 689 690 627 
689 752 753 690 
752 815 816 753 
815 878 879 816 
878 941 942 879 
941 1004 1005 942 
1004 1067 1068 1005 
1067 1130 1131 1068 
1130 1193 1194 1131 
1193 1256 1257 1194 
1256 1319 1320 1257 
60 123 124 61 
123 186 187 124 
186 249 250 187 
249 312 313 250 
312 375 376 313 
375 438 439 376 
438 501 502 439 
501 564 565 502 
564 627 628 565 
627 690 691 628 
690 753 754 691 
753 816 817 754 
816 879 880 817 
879 942 943 880 
942 1005 1006 943 
1005 1068 1069 1006 
1068 1131 1132 1069 
1131 1194 1195 1132 
1194 1257 1258 1195 
1257 1320 1321 1258 
61 124 125 62 
124 187 188 125 
187 250 251 188 
250 313 314 251 
313 376 377 314 
376 439 440 377 
439 502 503 440 
502 565 566 503 
565 628 629 566 
628 691 692 629 
691 754 755 692 
754 817 818 755 
817 880 881 818 
880 943 944 881 
943 1006 1007 944 
1006 1069 1070 1007 
1069 1132 1133 1070 
1132 1195 1196 1133 
1195 1258 1259 1196 
1258 1321 1322 1259 
0 1 22 21 
1 2 23 22 
2 3 24 23 
3 4 25 24 
4 5 26 25 
5 6 27 26 
6 7 28 27 
7 8 29 28 
8 9 30 29 
9 10 31 30 
10 11 32 31 
11 12 33 32 
12 13 34 33 
13 14 35 34 
14 15 36 35 
15 16 37 36 
16 17 38 37 
17 18 39 38 
18 19 40 39 
19 20 41 40 
21 22 43 42 
22 23 44 43 
23 24 45 44 
24 25 46 45 
25 26 47 46 
26 27 48 47 
27 28 49 48 
28 29 50 49 
29 30 51 50 
30 31 52 51 
31 32 53 52 
32 33 54 53 
33 34 55 54 
34 35 56 55 
35 36 57 56 
36 37 58 57 
37 38 59 58 
38 39 60 59 
39 40 61 60 
40 41 62 61 
1260 1261 1282 1281 
1261 1262 1283 1282 
1262 1263 1284 1283 
1263 1264 1285 1284 
1264 1265 1286 1285 
1265 1266 1287 1286 
1266 1267 1288 1287 
1267 1268 1289 1288 
1268 1269 1290 1289 
1269 1270 1291 1290 
1270 1271 1292 1291 
1271 1272 1293 1292 
1272 1273 1294 1293 
1273 1274 1295 1294 
1274 1275 1296 1295 
1275 1276 1297 1296 
1276 1277 1298 1297 
1277 1278 1299 1298 
1278 1279 1300 1299 
1279 1280 1301 1300 
1281 1282 1303 1302 
1282 1283 1304 1303 
1283 1284 1305 1304 
1284 1285 1306 1305 
1285 1286 1307 1306 
1286 1287 1308 1307 
1287 1288 1309 1308 
1288 1289 1310 1309 
1289 1290 1311 1310 
1290 1291 1312 1311 
1291 1292 1313 1312 
1292 1293 1314 1313 
1293 1294 1315 1314 
1294 1295 1316 1315 
1295 1296 1317 1316 
1296 1297 1318 1317 
1297 1298 1319 1318 
1298 1299 1320 1319 
1299 1300 1321 1320 
1300 1301 1322 1321 
1323
1 0 4 
0.955863 0.293812 4 
0.813826 0.581109 4 
0.581109 0.813826 4 
0.293812 0.955863 4 
0 1 4 
-0.293812 0.955863 4 
-0.581109 0.813826 4 
-0.813826 0.581109 4 
-0.955863 0.293812 4 
-1 3.14018e-16 4 
-0.955863 -0.293812 4 
-0.813826 -0.581109 4 
-0.581109 -0.813826 4 
-0.293812 -0.955863 4 
6.28037e-16 -1 4 
0.293812 -0.955863 4 
0.581109 -0.813826 4 
0.813826 -0.581109 4 
0.955863 -0.293812 4 
1 1.25607e-15 4 
1.5 0 4 
1.43379 0.440718 4 
1.22074 0.871663 4 
0.871663 1.22074 4 
0.440718 1.43379 4 
0 1.5 4 
-0.440718 1.43379 4 
-0.871663 1.22074 4 
-1.22074 0.871663 4 
-1.43379 0.440718 4 
-1.5 4.71028e-16 4 
-1.43379 -0.440718 4 
-1.22074 -0.871663 4 
-0.871663 -1.22074 4 
-0.440718 -1.43379 4 
9.42055e-16 -1.5 4 
0.440718 -1.43379 4 
0.871663 -1.22074 4 
1.22074 -0.871663 4 
1.43379 -0.440718 4 
1.5 1.88411e-15 4 
2 0 4 
1.91173 0.587624 4 
1.62765 1.16222 4 
1.16222 1.62765 4 
0.587624 1.91173 4 
0 2 4 
-0.587624 1.91173 4 
-1.16222 1.62765 4 
-1.62765 1.16222 4 
-1.91173 0.587624 4 
-2 6.28037e-16 4 
-1.91173 -0.587624 4 
-1.62765 -1.16222 4 
-1.16222 -1.62765 4 
-0.587624 -1.91173 4 
1.25607e-15 -2 4 
0.587624 -1.91173 4 
1.16222 -1.62765 4 
1.62765 -1.16222 4 
1.91173 -0.587624 4 
2 2.51215e-15 4 
1 0 3.6 
0.955863 0.293812 3.6 
0.813826 0.581109 3.6 
0.581109 0.813826 3.6 
0.293812 0.955863 3.6 
0 1 3.6 
-0.293812 0.955863 3.6 
-0.581109 0.813826 3.6 
-0.813826 0.581109 3.6 
-0.955863 0.293812 3.6 
-1 3.14018e-16 3.6 
-0.955863 -0.293812 3.6 
-0.813826 -0.581109 3.6 
-0.581109 -0.813826 3.6 
-0.293812 -0.955863 3.6 
6.28037e-16 -1 3.6 
0.293812 -0.955863 3.6 
0.581109 -0.813826 3.6 
0.813826 -0.581109 3.6 
0.955863 -0.293812 3.6 
1 1.25607e-15 3.6 
1.5 0 3.6 
1.43379 0.440718 3.6 
1.22074 0.871663 3.6 
0.871663 1.22074 3.6 
0.440718 1.43379 3.6 
0 1.5 3.6 
-0.440718 1.43379 3.6 
-0.871663 1.22074 3.6 
-1.22074 0.871663 3.6 
-1.43379 0.440718 3.6 
-1.5 4.71028e-16 3.6 
-1.43379 -0.440718 3.6 
-1.22074 -0.871663 3.6 
-0.871663 -1.22074 3.6 
-0.440718 -1.43379 3.6 
9.42055e-16 -1.5 3.6 
0.440718 -1.43379 3.6 
0.871663 -1.22074 3.6 
1.22074 -0.871663 3.6 
1.43379 -0.440718 3.6 
1.5 1.88411e-15 3.6 
2 0 3.6 
1.91173 0.587624 3.6 
1.62765 1.16222 3.6 
1.16222 1.62765 3.6 
0.587624 1.91173 3.6 
0 2 3.6 
-0.587624 1.91173 3.6 
-1.16222 1.62765 3.6 
-1.62765 1.16222 3.6 
-1.91173 0.587624 3.6 
-2 6.28037e-16 3.6 
-1.91173 -0.587624 3.6 
-1.62765 -1.16222 3.6 
-1.16222 -1.62765 3.6 
-0.587624 -1.91173 3.6 
1.25607e-15 -2 3.6 
0.587624 -1.91173 3.6 
1.16222 -1.62765 3.6 
1.62765 -1.16222 3.6 
1.91173 -0.587624 3.6 
2 2.51215e-15 3.6 
1 0 3.2 
0.955863 0.293812 3.2 
0.813826 0.581109 3.2 
0.581109 0.813826 3.2 
0.293812 0.955863 3.2 
0 1 3.2 
-0.293812 0.955863 3.2 
-0.581109 0.813826 3.2 
-0.813826 0.581109 3.2 
-0.955863 0.293812 3.2 
-1 3.14018e-16 3.2 
-0.955863 -0.293812 3.2 
-0.813826 -0.581109 3.2 
-0.581109 -0.813826 3.2 
-0.293812 -0.955863 3.2 
6.28037e-16 -1 3.2 
0.293812 -0.955863 3.2 
0.581109 -0.813826 3.2 
0.813826 -0.581109 3.2 
0.955863 -0.293812 3.2 
1 1.25607e-15 3.2 
1.5 0 3.2 
1.43379 0.440718 3.2 
1.22074 0.871663 3.2 
0.871663 1.22074 3.2 
0.440718 1.43379 3.2 
0 1.5 3.2 
-0.440718 1.43379 3.2 
-0.871663 1.22074 3.2 
-1.22074 0.871663 3.2 
-1.43379 0.440718 3.2 
-1.5 4.71028e-16 3.2 
-1.43379 -0.440718 3.2 
-1.22074 -0.871663 3.2 
-0.871663 -1.22074 3.2 
-0.440718 -1.43379 3.2 
9.42055e-16 -1.5 3.2 
0.440718 -1.43379 3.2 
0.871663 -1.22074 3.2 
1.22074 -0.871663 3.2 
1.43379 -0.440718 3.2 
1.5 1.88411e-15 3.2 
2 0 3.2 
1.91173 0.587624 3.2 
1.62765 1.16222 3.2 
1.16222 1.62765 3.2 
0.587624 1.91173 3.2 
0 2 3.2 
-0.587624 1.91173 3.2 
-1.16222 1.62765 3.2 
-1.62765 1.16222 3.2 
-1.91173 0.587624 3.2 
-2 6.28037e-16 3.2 
-1.91173 -0.587624 3.2 
-1.62765 -1.16222 3.2 
-1.16222 -1.62765 3.2 
-0.587624 -1.91173 3.2 
1.25607e-15 -2 3.2 
0.587624 -1.91173 3.2 
1.16222 -1.62765 3.2 
1.62765 -1.16222 3.2 
1.91173 -0.587624 3.2 
2 2.51215e-15 3.2 
1 0 2.8 
0.955863 0.293812 2.8 
0.813826 0.581109 2.8 
0.581109 0.813826 2.8 
0.293812 0.955863 2.8 
0 1 2.8 
-0.293812 0.955863 2.8 
-0.581109 0.813826 2.8 
-0.813826 0.581109 2.8 
-0.955863 0.293812 2.8 
-1 3.14018e-16 2.8 
-0.955863 -0.293812 2.8 
-0.813826 -0.581109 2.8 
-0.581109 -0.813826 2.8 
-0.293812 -0.955863 2.8 
6.28037e-16 -1 2.8 
0.293812 -0.955863 2.8 
0.581109 -0.813826 2.8 
0.813826 -0.581109 2.8 
0.955863 -0.293812 2.8 
1 1.25607e-15 2.8 
1.5 0 2.8 
1.43379 0.440718 2.8 
1.22074 0.871663 2.8 
0.871663 1.22074 2.8 
0.440718 1.43379 2.8 
0 1.5 2.8 
-0.440718 1.43379 2.8 
-0.871663 1.22074 2.8 
-1.22074 0.871663 2.8 
-1.43379 0.440718 2.8 
-1.5 4.71028e-16 2.8 
-1.43379 -0.440718 2.8 
-1.22074 -0.871663 2.8 
-0.871663 -1.22074 2.8 
-0.440718 -1.43379 2.8 
9.42055e-16 -1.5 2.8 
0.440718 -1.43379 2.8 
0.871663 -1.22074 2.8 
1.22074 -0.871663 2.8 
1.43379 -0.440718 2.8 
1.5 1.88411e-15 2.8 
2 0 2.8 
1.91173 0.587624 2.8 
1.62765 1.16222 2.8 
1.16222 1.62765 2.8 
0.587624 1.91173 2.8 
0 2 2.8 
-0.587624 1.91173 2.8 
-1.16222 1.62765 2.8 
-1.62765 1.16222 2.8 
-1.91173 0.587624 2.8 
-2 6.28037e-16 2.8 
-1.91173 -0.587624 2.8 
-1.62765 -1.16222 2.8 
-1.16222 -1.62765 2.8 
-0.587624 -1.91173 2.8 
1.25607e-15 -2 2.8 
0.587624 -1.91173 2.8 
1.16222 -1.62765 2.8 
1.62765 -1.16222 2.8 
1.91173 -0.587624 2.8 
2 2.51215e-15 2.8 
1 0 2.4 
0.955863 0.293812 2.4 
0.813826 0.581109 2.4 
0.581109 0.813826 2.4 
0.293812 0.955863 2.4 
0 1 2.4 
-0.293812 0.955863 2.4 
-0.581109 0.813826 2.4 
-0.813826 0.581109 2.4 
-0.955863 0.293812 2.4 
-1 3.14018e-16 2.4 
-0.955863 -0.293812 2.4 
-0.813826 -0.581109 2.4 
-0.581109 -0.813826 2.4 
-0.293812 -0.955863 2.4 
6.28037e-16 -1 2.4 
0.293812 -0.955863 2.4 
0.581109 -0.813826 2.4 
0.813826 -0.581109 2.4 
0.955863 -0.293812 2.4 
1 1.25607e-15 2.4 
1.5 0 2.4 
1.43379 0.440718 2.4 
1.22074 0.871663 2.4 
0.871663 1.22074 2.4 
0.440718 1.43379 2.4 
0 1.5 2.4 
-0.440718 1.43379 2.4 
-0.871663 1.22074 2.4 
-1.22074 0.871663 2.4 
-1.43379 0.440718 2.4 
-1.5 4.71028e-16 2.4 
-1.43379 -0.440718 2.4 
-1.22074 -0.871663 2.4 
-0.871663 -1.22074 2.4 
-0.440718 -1.43379 2.4 
9.42055e-16 -1.5 2.4 
0.440718 -1.43379 2.4 
0.871663 -1.22074 2.4 
1.22074 -0.871663 2.4 
1.43379 -0.440718 2.4 
1.5 1.88411e-15 2.4 
2 0 2.4 
1.91173 0.587624 2.4 
1.62765 1.16222 2.4 
1.16222 1.62765 2.4 
0.587624 1.91173 2.4 
0 2 2.4 
-0.587624 1.91173 2.4 
-1.16222 1.62765 2.4 
-1.62765 1.16222 2.4 
-1.91173 0.587624 2.4 
-2 6.28037e-16 2.4 
-1.91173 -0.587624 2.4 
-1.62765 -1.16222 2.4 
-1.16222 -1.62765 2.4 
-0.587624 -1.91173 2.4 
1.25607e-15 -2 2.4 
0.587624 -1.91173 2.4 
1.16222 -1.62765 2.4 
1.62765 -1.16222 2.4 
1.91173 -0.587624 2.4 
2 2.51215e-15 2.4 
1 0 2 
0.955863 0.293812 2 
0.813826 0.581109 2 
0.581109 0.813826 2 
0.293812 0.955863 2 
0 1 2 
-0.293812 0.955863 2 
-0.581109 0.813826 2 
-0.813826 0.581109 2 
-0.955863 0.293812 2 
-1 3.14018e-16 2 
-0.955863 -0.293812 2 
-0.813826 -0.581109 2 
-0.581109 -0.813826 2 
-0.293812 -0.955863 2 
6.28037e-16 -1 2 
0.293812 -0.955863 2 
0.581109 -0.813826 2 
0.813826 -0.581109 2 
0.955863 -0.293812 2 
1 1.25607e-15 2 
1.5 0 2 
1.43379 0.440718 2 
1.22074 0.871663 2 
0.871663 1.22074 2 
0.440718 1.43379 2 
0 1.5 2 
-0.440718 1.43379 2 
-0.871663 1.22074 2 
-1.22074 0.871663 2 
-1.43379 0.440718 2 
-1.5 4.71028e-16 2 
-1.43379 -0.440718 2 
-1.22074 -0.871663 2 
-0.871663 -1.22074 2 
-0.440718 -1.43379 2 
9.42055e-16 -1.5 2 
0.440718 -1.43379 2 
0.871663 -1.22074 2 
1.22074 -0.871663 2 
1.43379 -0.440718 2 
1.5 1.88411e-15 2 
2 0 2 
1.91173 0.587624 2 
1.62765 1.16222 2 
1.16222 1.62765 2 
0.587624 1.91173 2 
0 2 2 
-0.587624 1.91173 2 
-1.16222 1.62765 2 
-1.62765 1.16222 2 
-1.91173 0.587624 2 
-2 6.28037e-16 2 
-1.91173 -0.587624 2 
-1.62765 -1.16222 2 
-1.16222 -1.62765 2 
-0.587624 -1.91173 2 
1.25607e-15 -2 2 
0.587624 -1.91173 2 
1.16222 -1.62765 2 
1.62765 -1.16222 2 
1.91173 -0.587624 2 
2 2.51215e-15 2 
1 0 1.6 
0.955863 0.293812 1.6 
0.813826 0.581109 1.6 
0.581109 0.813826 1.6 
0.293812 0.955863 1.6 
0 1 1.6 
-0.293812 0.955863 1.6 
-0.581109 0.813826 1.6 
-0.813826 0.581109 1.6 
-0.955863 0.293812 1.6 
-1 3.14018e-16 1.6 
-0.955863 -0.293812 1.6 
-0.813826 -0.581109 1.6 
-0.581109 -0.813826 1.6 
-0.293812 -0.955863 1.6 
6.28037e-16 -1 1.6 
0.293812 -0.955863 1.6 
0.581109 -0.813826 1.6 
0.813826 -0.581109 1.6 
0.955863 -0.293812 1.6 
1 1.25607e-15 1.6 
1.5 0 1.6 
1.43379 0.440718 1.6 
1.22074 0.871663 1.6 
0.871663 1.22074 1.6 
0.440718 1.43379 1.6 
0 1.5 1.6 
-0.440718 1.43379 1.6 
-0.871663 1.22074 1.6 
-1.22074 0.871663 1.6 
-1.43379 0.440718 1.6 
-1.5 4.71028e-16 1.6 
-1.43379 -0.440718 1.6 
-1.22074 -0.871663 1.6 
-0.871663 -1.22074 1.6 
-0.440718 -1.43379 1.6 
9.42055e-16 -1.5 1.6 
0.440718 -1.43379 1.6 
0.871663 -1.22074 1.6 
1.22074 -0.871663 1.6 
1.43379 -0.440718 1.6 
1.5 1.88411e-15 1.6 
2 0 1.6 
1.91173 0.587624 1.6 
1.62765 1.16222 1.6 
1.16222 1.62765 1.6 
0.587624 1.91173 1.6 
0 2 1.6 
-0.587624 1.91173 1.6 
-1.16222 1.62765 1.6 
-1.62765 1.16222 1.6 
-1.91173 0.587624 1.6 
-2 6.28037e-16 1.6 
-1.91173 -0.587624 1.6 
-1.62765 -1.16222 1.6 
-1.16222 -1.62765 1.6 
-0.587624 -1.91173 1.6 
1.25607e-15 -2 1.6 
0.587624 -1.91173 1.6 
1.16222 -1.62765 1.6 
1.62765 -1.16222 1.6 
1.91173 -0.587624 1.6 
2 2.51215e-15 1.6 
1 0 1.2 
0.955863 0.293812 1.2 
0.813826 0.581109 1.2 
0.581109 0.813826 1.2 
0.293812 0.955863 1.2 
0 1 1.2 
-0.293812 0.955863 1.2 
-0.581109 0.813826 1.2 
-0.813826 0.581109 1.2 
-0.955863 0.293812 1.2 
-1 3.14018e-16 1.2 
-0.955863 -0.293812 1.2 
-0.813826 -0.581109 1.2 
-0.581109 -0.813826 1.2 
-0.293812 -0.955863 1.2 
6.28037e-16 -1 1.2 
0.293812 -0.955863 1.2 
0.581109 -0.813826 1.2 
0.813826 -0.581109 1.2 
0.955863 -0.293812 1.2 
1 1.25607e-15 1.2 
1.5 0 1.2 
1.43379 0.440718 1.2 
1.22074 0.871663 1.2 
0.871663 1.22074 1.2 
0.440718 1.43379 1.2 
0 1.5 1.2 
-0.440718 1.43379 1.2 
-0.871663 1.22074 1.2 
-1.22074 0.871663 1.2 
-1.43379 0.440718 1.2 
-1.5 4.71028e-16 1.2 
-1.43379 -0.440718 1.2 
-1.22074 -0.871663 1.2 
-0.871663 -1.22074 1.2 
-0.440718 -1.43379 1.2 
9.42055e-16 -1.5 1.2 
0.440718 -1.43379 1.2 
0.871663 -1.22074 1.2 
1.22074 -0.871663 1.2 
1.43379 -0.440718 1.2 
1.5 1.88411e-15 1.2 
2 0 1.2 
1.91173 0.587624 1.2 
1.62765 1.16222 1.2 
1.16222 1.62765 1.2 
0.587624 1.91173 1.2 
0 2 1.2 
-0.587624 1.91173 1.2 
-1.16222 1.62765 1.2 
-1.62765 1.16222 1.2 
-1.91173 0.587624 1.2 
-2 6.28037e-16 1.2 
-1.91173 -0.587624 1.2 
-1.62765 -1.16222 1.2 
-1.16222 -1.62765 1.2 
-0.587624 -1.91173 1.2 
1.25607e-15 -2 1.2 
0.587624 -1.91173 1.2 
1.16222 -1.62765 1.2 
1.62765 -1.16222 1.2 
1.91173 -0.587624 1.2 
2 2.51215e-15 1.2 
1 0 0.8 
0.955863 0.293812 0.8 
0.813826 0.581109 0.8 
0.581109 0.813826 0.8 
0.293812 0.955863 0.8 
0 1 0.8 
-0.293812 0.955863 0.8 
-0.581109 0.813826 0.8 
-0.813826 0.581109 0.8 
-0.955863 0.293812 0.8 
-1 3.14018e-16 0.8 
-0.955863 -0.293812 0.8 
-0.813826 -0.581109 0.8 
-0.581109 -0.813826 0.8 
-0.293812 -0.955863 0.8 
6.28037e-16 -1 0.8 
0.293812 -0.955863 0.8 
0.581109 -0.813826 0.8 
0.813826 -0.581109 0.8 
0.955863 -0.293812 0.8 
1 1.25607e-15 0.8 
1.5 0 0.8 
1.43379 0.440718 0.8 
1.22074 0.871663 0.8 
0.871663 1.22074 0.8 
0.440718 1.43379 0.8 
0 1.5 0.8 
-0.440718 1.43379 0.8 
-0.871663 1.22074 0.8 
-1.22074 0.871663 0.8 
-1.43379 0.440718 0.8 
-1.5 4.71028e-16 0.8 
-1.43379 -0.440718 0.8 
-1.22074 -0.871663 0.8 
-0.871663 -1.22074 0.8 
-0.440718 -1.43379 0.8 
9.42055e-16 -1.5 0.8 
0.440718 -1.43379 0.8 
0.871663 -1.22074 0.8 
1.22074 -0.871663 0.8 
1.43379 -0.440718 0.8 
1.5 1.88411e-15 0.8 
2 0 0.8 
1.91173 0.587624 0.8 
1.62765 1.16222 0.8 
1.16222 1.62765 0.8 
0.587624 1.91173 0.8 
0 2 0.8 
-0.587624 1.91173 0.8 
-1.16222 1.62765 0.8 
-1.62765 1.16222 0.8 
-1.91173 0.587624 0.8 
-2 6.28037e-16 0.8 
-1.91173 -0.587624 0.8 
-1.62765 -1.16222 0.8 
-1.16222 -1.62765 0.8 
-0.587624 -1.91173 0.8 
1.25607e-15 -2 0.8 
0.587624 -1.91173 0.8 
1.16222 -1.62765 0.8 
1.62765 -1.16222 0.8 
1.91173 -0.587624 0.8 
2 2.51215e-15 0.8 
1 0 0.4 
0.955863 0.293812 0.4 
0.813826 0.581109 0.4 
0.581109 0.813826 0.4 
0.293812 0.955863 0.4 
0 1 0.4 
-0.293812 0.955863 0.4 
-0.581109 0.813826 0.4 
-0.813826 0.581109 0.4 
-0.955863 0.293812 0.4 
-1 3.14018e-16 0.4 
-0.955863 -0.293812 0.4 
-0.813826 -0.581109 0.4 
-0.581109 -0.813826 0.4 
-0.293812 -0.955863 0.4 
6.28037e-16 -1 0.4 
0.293812 -0.955863 0.4 
0.581109 -0.813826 0.4 
0.813826 -0.581109 0.4 
0.955863 -0.293812 0.4 
1 1.25607e-15 0.4 
1.5 0 0.4 
1.43379 0.440718 0.4 
1.22074 0.871663 0.4 
0.871663 1.22074 0.4 
0.440718 1.43379 0.4 
0 1.5 0.4 
-0.440718 1.43379 0.4 
-0.871663 1.22074 0.4 
-1.22074 0.871663 0.4 
-1.43379 0.440718 0.4 
-1.5 4.71028e-16 0.4 
-1.43379 -0.440718 0.4 
-1.22074 -0.871663 0.4 
-0.871663 -1.22074 0.4 
-0.440718 -1.43379 0.4 
9.42055e-16 -1.5 0.4 
0.440718 -1.43379 0.4 
0.871663 -1.22074 0.4 
1.22074 -0.871663 0.4 
1.43379 -0.440718 0.4 
1.5 1.88411e-15 0.4 
2 0 0.4 
1.91173 0.587624 0.4 
1.62765 1.16222 0.4 
1.16222 1.62765 0.4 
0.587624 1.91173 0.4 
0 2 0.4 
-0.587624 1.91173 0.4 
-1.16222 1.62765 0.4 
-1.62765 1.16222 0.4 
-1.91173 0.587624 0.4 
-2 6.28037e-16 0.4 
-1.91173 -0.587624 0.4 
-1.62765 -1.16222 0.4 
-1.16222 -1.62765 0.4 
-0.587624 -1.91173 0.4 
1.25607e-15 -2 0.4 
0.587624 -1.91173 0.4 
1.16222 -1.62765 0.4 
1.62765 -1.16222 0.4 
1.91173 -0.587624 0.4 
2 2.51215e-15 0.4 
1 0 4.44089e-16 
0.955863 0.293812 4.44089e-16 
0.813826 0.581109 4.44089e-16 
0.581109 0.813826 4.44089e-16 
0.293812 0.955863 4.44089e-16 
0 1 4.44089e-16 
-0.293812 0.955863 4.44089e-16 
-0.581109 0.813826 4.44089e-16 
-0.813826 0.581109 4.44089e-16 
-0.955863 0.293812 4.44089e-16 
-1 3.14018e-16 4.44089e-16 
-0.955863 -0.293812 4.44089e-16 
-0.813826 -0.581109 4.44089e-16 
-0.581109 -0.813826 4.44089e-16 
-0.293812 -0.955863 4.44089e-16 
6.28037e-16 -1 4.44089e-16 
0.293812 -0.955863 4.44089e-16 
0.581109 -0.813826 4.44089e-16 
0.813826 -0.581109 4.44089e-16 
0.955863 -0.293812 4.44089e-16 
1 1.25607e-15 4.44089e-16 
1.5 0 4.44089e-16 
1.43379 0.440718 4.44089e-16 
1.22074 0.871663 4.44089e-16 
0.871663 1.22074 4.44089e-16 
0.440718 1.43379 4.44089e-16 
0 1.5 4.44089e-16 
-0.440718 1.43379 4.44089e-16 
-0.871663 1.22074 4.44089e-16 
-1.22074 0.871663 4.44089e-16 
-1.43379 0.440718 4.44089e-16 
-1.5 4.71028e-16 4.44089e-16 
-1.43379 -0.440718 4.44089e-16 
-1.22074 -0.871663 4.44089e-16 
-0.871663 -1.22074 4.44089e-16 
-0.440718 -1.43379 4.44089e-16 
9.42055e-16 -1.5 4.44089e-16 
0.440718 -1.43379 4.44089e-16 
0.871663 -1.22074 4.44089e-16 
1.22074 -0.871663 4.44089e-16 
1.43379 -0.440718 4.44089e-16 
1.5 1.88411e-15 4.44089e-16 
2 0 4.44089e-16 
1.91173 0.587624 4.44089e-16 
1.62765 1.16222 4.44089e-16 
1.16222 1.62765 4.44089e-16 
0.587624 1.91173 4.44089e-16 
0 2 4.44089e-16 
-0.587624 1.91173 4.44089e-16 
-1.16222 1.62765 4.44089e-16 
-1.62765 1.16222 4.44089e-16 
-1.91173 0.587624 4.44089e-16 
-2 6.28037e-16 4.44089e-16 
-1.91173 -0.587624 4.44089e-16 
-1.62765 -1.16222 4.44089e-16 
-1.16222 -1.62765 4.44089e-16 
-0.587624 -1.91173 4.44089e-16 
1.25607e-15 -2 4.44089e-16 
0.587624 -1.91173 4.44089e-16 
1.16222 -1.62765 4.44089e-16 
1.62765 -1.16222 4.44089e-16 
1.91173 -0.587624 4.44089e-16 
2 2.51215e-15 4.44089e-16 
1.02111 0 -0.289839 
0.977442 0.293812 -0.296235 
0.836904 0.581109 -0.316819 
0.606644 0.813826 -0.350545 
0.32238 0.955863 -0.392179 
0.0316696 1 -0.434758 
-0.259041 0.955863 -0.477338 
-0.543304 0.813826 -0.518972 
-0.773565 0.581109 -0.552698 
-0.914103 0.293812 -0.573282 
-0.957774 3.14018e-16 -0.579678 
-0.914103 -0.293812 -0.573282 
-0.773565 -0.581109 -0.552698 
-0.543304 -0.813826 -0.518972 
-0.259041 -0.955863 -0.477338 
0.0316696 -1 -0.434758 
0.32238 -0.955863 -0.392179 
0.606644 -0.813826 -0.350545 
0.836904 -0.581109 -0.316819 
0.977442 -0.293812 -0.296235 
1.02111 1.25607e-15 -0.289839 
1.51583 0 -0.217379 
1.45033 0.440718 -0.226974 
1.23952 0.871663 -0.25785 
0.894131 1.22074 -0.308438 
0.467735 1.43379 -0.37089 
0.0316696 1.5 -0.434758 
-0.404396 1.43379 -0.498627 
-0.830791 1.22074 -0.561079 
-1.17618 0.871663 -0.611667 
-1.38699 0.440718 -0.642543 
-1.4525 4.71028e-16 -0.652138 
-1.38699 -0.440718 -0.642543 
-1.17618 -0.871663 -0.611667 
-0.830791 -1.22074 -0.561079 
-0.404396 -1.43379 -0.498627 
0.0316696 -1.5 -0.434758 
0.467735 -1.43379 -0.37089 
0.894131 -1.22074 -0.308438 
1.23952 -0.871663 -0.25785 
1.45033 -0.440718 -0.226974 
1.51583 1.88411e-15 -0.217379 
2.01056 0 -0.144919 
1.92321 0.587624 -0.157712 
1.64214 1.16222 -0.19888 
1.18162 1.62765 -0.266331 
0.61309 1.91173 -0.3496 
0.0316696 2 -0.434758 
-0.549751 1.91173 -0.519917 
-1.11828 1.62765 -0.603186 
-1.5788 1.16222 -0.670637 
-1.85988 0.587624 -0.711805 
-1.94722 6.28037e-16 -0.724597 
-1.85988 -0.587624 -0.711805 
-1.5788 -1.16222 -0.670637 
-1.11828 -1.62765 -0.603186 
-0.549751 -1.91173 -0.519917 
0.0316696 -2 -0.434758 
0.61309 -1.91173 -0.3496 
1.18162 -1.62765 -0.266331 
1.64214 -1.16222 -0.19888 
1.92321 -0.587624 -0.157712 
2.01056 2.51215e-15 -0.144919 
1.08827 0 -0.587624 
1.04608 0.293812 -0.600592 
0.910317 0.581109 -0.642324 
0.687871 0.813826 -0.710699 
0.413254 0.955863 -0.79511 
0.13241 1 -0.881436 
-0.148434 0.955863 -0.967761 
-0.42305 0.813826 -1.05217 
-0.645496 0.581109 -1.12055 
-0.781264 0.293812 -1.16228 
-0.823453 3.14018e-16 -1.17525 
-0.781264 -0.293812 -1.16228 
-0.645496 -0.581109 -1.12055 
-0.42305 -0.813826 -1.05217 
-0.148434 -0.955863 -0.967761 
0.13241 -1 -0.881436 
0.413254 -0.955863 -0.79511 
0.687871 -0.813826 -0.710699 
0.910317 -0.581109 -0.642324 
1.04608 -0.293812 -0.600592 
1.08827 1.25607e-15 -0.587624 
1.56621 0 -0.440718 
1.50292 0.440718 -0.46017 
1.29927 0.871663 -0.522768 
0.965601 1.22074 -0.625331 
0.553676 1.43379 -0.751948 
0.13241 1.5 -0.881436 
-0.288856 1.43379 -1.01092 
-0.70078 1.22074 -1.13754 
-1.03445 0.871663 -1.2401 
-1.2381 0.440718 -1.3027 
-1.30138 4.71028e-16 -1.32215 
-1.2381 -0.440718 -1.3027 
-1.03445 -0.871663 -1.2401 
-0.70078 -1.22074 -1.13754 
-0.288856 -1.43379 -1.01092 
0.13241 -1.5 -0.881436 
0.553676 -1.43379 -0.751948 
0.965601 -1.22074 -0.625331 
1.29927 -0.871663 -0.522768 
1.50292 -0.440718 -0.46017 
1.56621 1.88411e-15 -0.440718 
2.04414 0 -0.293812 
1.95976 0.587624 -0.319748 
1.68822 1.16222 -0.403212 
1.24333 1.62765 -0.539963 
0.694098 1.91173 -0.708785 
0.13241 2 -0.881436 
-0.429278 1.91173 -1.05409 
-0.97851 1.62765 -1.22291 
-1.4234 1.16222 -1.35966 
-1.69494 0.587624 -1.44312 
-1.77932 6.28037e-16 -1.46906 
-1.69494 -0.587624 -1.44312 
-1.4234 -1.16222 -1.35966 
-0.97851 -1.62765 -1.22291 
-0.429278 -1.91173 -1.05409 
0.13241 -2 -0.881436 
0.694098 -1.91173 -0.708785 
1.24333 -1.62765 -0.539963 
1.68822 -1.16222 -0.403212 
1.95976 -0.587624 -0.319748 
2.04414 2.51215e-15 -0.293812 
1.20525 0 -0.882535 
1.16564 0.293812 -0.902011 
1.03818 0.581109 -0.964687 
0.829346 0.813826 -1.06738 
0.571533 0.955863 -1.19415 
0.307873 1 -1.3238 
0.0442134 0.955863 -1.45345 
-0.2136 0.813826 -1.58023 
-0.422435 0.581109 -1.68292 
-0.549895 0.293812 -1.74559 
-0.589503 3.14018e-16 -1.76507 
-0.549895 -0.293812 -1.74559 
-0.422435 -0.581109 -1.68292 
-0.2136 -0.813826 -1.58023 
0.0442134 -0.955863 -1.45345 
0.307873 -1 -1.3238 
0.571533 -0.955863 -1.19415 
0.829346 -0.813826 -1.06738 
1.03818 -0.581109 -0.964687 
1.16564 -0.293812 -0.902011 
1.20525 1.25607e-15 -0.882535 
1.65394 0 -0.661901 
1.59453 0.440718 -0.691115 
1.40333 0.871663 -0.78513 
1.09008 1.22074 -0.939166 
0.703363 1.43379 -1.12933 
0.307873 1.5 -1.3238 
-0.0876165 1.43379 -1.51828 
-0.474336 1.22074 -1.70844 
-0.787588 0.871663 -1.86247 
-0.97878 0.440718 -1.95649 
-1.03819 4.71028e-16 -1.9857 
-0.97878 -0.440718 -1.95649 
-0.787588 -0.871663 -1.86247 
-0.474336 -1.22074 -1.70844 
-0.0876165 -1.43379 -1.51828 
0.307873 -1.5 -1.3238 
0.703363 -1.43379 -1.12933 
1.09008 -1.22074 -0.939166 
1.40333 -0.871663 -0.78513 
1.59453 -0.440718 -0.691115 
1.65394 1.88411e-15 -0.661901 
2.10262 0 -0.441267 
2.02341 0.587624 -0.48022 
1.76849 1.16222 -0.605572 
1.35082 1.62765 -0.810954 
0.835192 1.91173 -1.0645 
0.307873 2 -1.3238 
-0.219446 1.91173 -1.5831 
-0.735072 1.62765 -1.83665 
-1.15274 1.16222 -2.04203 
-1.40766 0.587624 -2.16738 
-1.48688 6.28037e-16 -2.20634 
-1.40766 -0.587624 -2.16738 
-1.15274 -1.16222 -2.04203 
-0.735072 -1.62765 -1.83665 
-0.219446 -1.91173 -1.5831 
0.307873 -2 -1.3238 
0.835192 -1.91173 -1.0645 
1.35082 -1.62765 -0.810954 
1.76849 -1.16222 -0.605572 
2.02341 -0.587624 -0.48022 
2.10262 2.51215e-15 -0.441267 
1.37235 0 -1.16222 
1.33643 0.293812 -1.18787 
1.22083 0.581109 -1.2704 
1.03144 0.813826 -1.40564 
0.797634 0.955863 -1.57259 
0.558522 1 -1.74333 
0.31941 0.955863 -1.91406 
0.0856006 0.813826 -2.08101 
-0.103791 0.581109 -2.21625 
-0.219385 0.293812 -2.29879 
-0.255304 3.14018e-16 -2.32443 
-0.219385 -0.293812 -2.29879 
-0.103791 -0.581109 -2.21625 
0.0856006 -0.813826 -2.08101 
0.31941 -0.955863 -1.91406 
0.558522 -1 -1.74333 
0.797634 -0.955863 -1.57259 
1.03144 -0.813826 -1.40564 
1.22083 -0.581109 -1.2704 
1.33643 -0.293812 -1.18787 
1.37235 1.25607e-15 -1.16222 
1.77926 0 -0.871663 
1.72538 0.440718 -0.910135 
1.55199 0.871663 -1.03394 
1.2679 1.22074 -1.23679 
0.91719 1.43379 -1.48722 
0.558522 1.5 -1.74333 
0.199854 1.43379 -1.99943 
-0.15086 1.22074 -2.24986 
-0.434947 0.871663 -2.45271 
-0.608338 0.440718 -2.57652 
-0.662217 4.71028e-16 -2.61499 
-0.608338 -0.440718 -2.57652 
-0.434947 -0.871663 -2.45271 
-0.15086 -1.22074 -2.24986 
0.199854 -1.43379 -1.99943 
0.558522 -1.5 -1.74333 
0.91719 -1.43379 -1.48722 
1.2679 -1.22074 -1.23679 
1.55199 -0.871663 -1.03394 
1.72538 -0.440718 -0.910135 
1.77926 1.88411e-15 -0.871663 
2.18617 0 -0.581109 
2.11433 0.587624 -0.632405 
1.88315 1.16222 -0.797483 
1.50436 1.62765 -1.06795 
1.03675 1.91173 -1.40185 
0.558522 2 -1.74333 
0.0802983 1.91173 -2.0848 
-0.387321 1.62765 -2.4187 
-0.766104 1.16222 -2.68917 
-0.997291 0.587624 -2.85425 
-1.06913 6.28037e-16 -2.90554 
-0.997291 -0.587624 -2.85425 
-0.766104 -1.16222 -2.68917 
-0.387321 -1.62765 -2.4187 
0.0802983 -1.91173 -2.0848 
0.558522 -2 -1.74333 
1.03675 -1.91173 -1.40185 
1.50436 -1.62765 -1.06795 
1.88315 -1.16222 -0.797483 
2.11433 -0.587624 -0.632405 
2.18617 2.51215e-15 -0.581109 
1.58579 0 -1.41421 
1.55458 0.293812 -1.44542 
1.45414 0.581109 -1.54586 
1.28959 0.813826 -1.71041 
1.08644 0.955863 -1.91356 
0.87868 1 -2.12132 
0.670923 0.955863 -2.32908 
0.467774 0.813826 -2.53223 
0.303218 0.581109 -2.69678 
0.202782 0.293812 -2.79722 
0.171573 3.14018e-16 -2.82843 
0.202782 -0.293812 -2.79722 
0.303218 -0.581109 -2.69678 
0.467774 -0.813826 -2.53223 
0.670923 -0.955863 -2.32908 
0.87868 -1 -2.12132 
1.08644 -0.955863 -1.91356 
1.28959 -0.813826 -1.71041 
1.45414 -0.581109 -1.54586 
1.55458 -0.293812 -1.44542 
1.58579 1.25607e-15 -1.41421 
1.93934 0 -1.06066 
1.89253 0.440718 -1.10747 
1.74187 0.871663 -1.25813 
1.49504 1.22074 -1.50496 
1.19031 1.43379 -1.80969 
0.87868 1.5 -2.12132 
0.567045 1.43379 -2.43295 
0.262321 1.22074 -2.73768 
0.0154868 0.871663 -2.98451 
-0.135166 0.440718 -3.13517 
-0.181981 4.71028e-16 -3.18198 
-0.135166 -0.440718 -3.13517 
0.0154868 -0.871663 -2.98451 
0.262321 -1.22074 -2.73768 
0.567045 -1.43379 -2.43295 
0.87868 -1.5 -2.12132 
1.19031 -1.43379 -1.80969 
1.49504 -1.22074 -1.50496 
1.74187 -0.871663 -1.25813 
1.89253 -0.440718 -1.10747 
1.93934 1.88411e-15 -1.06066 
2.29289 0 -0.707107 
2.23047 0.587624 -0.769526 
2.0296 1.16222 -0.970397 
1.70049 1.62765 -1.29951 
1.29419 1.91173 -1.70581 
0.87868 2 -2.12132 
0.463167 1.91173 -2.53683 
0.056868 1.62765 -2.94313 
-0.272244 1.16222 -3.27224 
-0.473115 0.587624 -3.47312 
-0.535534 6.28037e-16 -3.53553 
-0.473115 -0.587624 -3.47312 
-0.272244 -1.16222 -3.27224 
0.056868 -1.62765 -2.94313 
0.463167 -1.91173 -2.53683 
0.87868 -2 -2.12132 
1.29419 -1.91173 -1.70581 
1.70049 -1.62765 -1.29951 
2.0296 -1.16222 -0.970397 
2.23047 -0.587624 -0.769526 
2.29289 2.51215e-15 -0.707107 
1.83778 0 -1.62765 
1.81213 0.293812 -1.66357 
1.7296 0.581109 -1.77917 
1.59436 0.813826 -1.96856 
1.42741 0.955863 -2.20237 
1.25667 1 -2.44148 
1.08594 0.955863 -2.68059 
0.918987 0.813826 -2.9144 
0.783753 0.581109 -3.10379 
0.701214 0.293812 -3.21938 
0.675566 3.14018e-16 -3.2553 
0.701214 -0.293812 -3.21938 
0.783753 -0.581109 -3.10379 
0.918987 -0.813826 -2.9144 
1.08594 -0.955863 -2.68059 
1.25667 -1 -2.44148 
1.42741 -0.955863 -2.20237 
1.59436 -0.813826 -1.96856 
1.7296 -0.581109 -1.77917 
1.81213 -0.293812 -1.66357 
1.83778 1.25607e-15 -1.62765 
2.12834 0 -1.22074 
2.08986 0.440718 -1.27462 
1.96606 0.871663 -1.44801 
1.76321 1.22074 -1.7321 
1.51278 1.43379 -2.08281 
1.25667 1.5 -2.44148 
1.00057 1.43379 -2.80015 
0.750143 1.22074 -3.15086 
0.547292 0.871663 -3.43495 
0.423484 0.440718 -3.60834 
0.385011 4.71028e-16 -3.66222 
0.423484 -0.440718 -3.60834 
0.547292 -0.871663 -3.43495 
0.750143 -1.22074 -3.15086 
1.00057 -1.43379 -2.80015 
1.25667 -1.5 -2.44148 
1.51278 -1.43379 -2.08281 
1.76321 -1.22074 -1.7321 
1.96606 -0.871663 -1.44801 
2.08986 -0.440718 -1.27462 
2.12834 1.88411e-15 -1.22074 
2.41889 0 -0.813826 
2.36759 0.587624 -0.885665 
2.20252 1.16222 -1.11685 
1.93205 1.62765 -1.49564 
1.59815 1.91173 -1.96325 
1.25667 2 -2.44148 
0.915201 1.91173 -2.9197 
0.5813 1.62765 -3.38732 
0.310832 1.16222 -3.7661 
0.145754 0.587624 -3.99729 
0.0944571 6.28037e-16 -4.06913 
0.145754 -0.587624 -3.99729 
0.310832 -1.16222 -3.7661 
0.5813 -1.62765 -3.38732 
0.915201 -1.91173 -2.9197 
1.25667 -2 -2.44148 
1.59815 -1.91173 -1.96325 
1.93205 -1.62765 -1.49564 
2.20252 -1.16222 -1.11685 
2.36759 -0.587624 -0.885665 
2.41889 2.51215e-15 -0.813826 
2.11747 0 -1.79475 
2.09799 0.293812 -1.83436 
2.03531 0.581109 -1.96182 
1.93262 0.813826 -2.17065 
1.80585 0.955863 -2.42847 
1.6762 1 -2.69213 
1.54655 0.955863 -2.95579 
1.41977 0.813826 -3.2136 
1.31708 0.581109 -3.42243 
1.25441 0.293812 -3.5499 
1.23493 3.14018e-16 -3.5895 
1.25441 -0.293812 -3.5499 
1.31708 -0.581109 -3.42243 
1.41977 -0.813826 -3.2136 
1.54655 -0.955863 -2.95579 
1.6762 -1 -2.69213 
1.80585 -0.955863 -2.42847 
1.93262 -0.813826 -2.17065 
2.03531 -0.581109 -1.96182 
2.09799 -0.293812 -1.83436 
2.11747 1.25607e-15 -1.79475 
2.3381 0 -1.34606 
2.30888 0.440718 -1.40547 
2.21487 0.871663 -1.59667 
2.06083 1.22074 -1.90992 
1.87067 1.43379 -2.29664 
1.6762 1.5 -2.69213 
1.48172 1.43379 -3.08762 
1.29156 1.22074 -3.47434 
1.13753 0.871663 -3.78759 
1.04351 0.440718 -3.97878 
1.0143 4.71028e-16 -4.03819 
1.04351 -0.440718 -3.97878 
1.13753 -0.871663 -3.78759 
1.29156 -1.22074 -3.47434 
1.48172 -1.43379 -3.08762 
1.6762 -1.5 -2.69213 
1.87067 -1.43379 -2.29664 
2.06083 -1.22074 -1.90992 
2.21487 -0.871663 -1.59667 
2.30888 -0.440718 -1.40547 
2.3381 1.88411e-15 -1.34606 
2.55873 0 -0.897376 
2.51978 0.587624 -0.97659 
2.39443 1.16222 -1.23151 
2.18905 1.62765 -1.64918 
1.9355 1.91173 -2.16481 
1.6762 2 -2.69213 
1.4169 1.91173 -3.21945 
1.16335 1.62765 -3.73507 
0.957968 1.16222 -4.15274 
0.832615 0.587624 -4.40766 
0.793663 6.28037e-16 -4.48688 
0.832615 -0.587624 -4.40766 
0.957968 -1.16222 -4.15274 
1.16335 -1.62765 -3.73507 
1.4169 -1.91173 -3.21945 
1.6762 -2 -2.69213 
1.9355 -1.91173 -2.16481 
2.18905 -1.62765 -1.64918 
2.39443 -1.16222 -1.23151 
2.51978 -0.587624 -0.97659 
2.55873 2.51215e-15 -0.897376 
2.41238 0 -1.91173 
2.39941 0.293812 -1.95392 
2.35768 0.581109 -2.08968 
2.2893 0.813826 -2.31213 
2.20489 0.955863 -2.58675 
2.11856 1 -2.86759 
2.03224 0.955863 -3.14843 
1.94783 0.813826 -3.42305 
1.87945 0.581109 -3.6455 
1.83772 0.293812 -3.78126 
1.82475 3.14018e-16 -3.82345 
1.83772 -0.293812 -3.78126 
1.87945 -0.581109 -3.6455 
1.94783 -0.813826 -3.42305 
2.03224 -0.955863 -3.14843 
2.11856 -1 -2.86759 
2.20489 -0.955863 -2.58675 
2.2893 -0.813826 -2.31213 
2.35768 -0.581109 -2.08968 
2.39941 -0.293812 -1.95392 
2.41238 1.25607e-15 -1.91173 
2.55928 0 -1.43379 
2.53983 0.440718 -1.49708 
2.47723 0.871663 -1.70073 
2.37467 1.22074 -2.0344 
2.24805 1.43379 -2.44632 
2.11856 1.5 -2.86759 
1.98908 1.43379 -3.28886 
1.86246 1.22074 -3.70078 
1.7599 0.871663 -4.03445 
1.6973 0.440718 -4.2381 
1.67785 4.71028e-16 -4.30138 
1.6973 -0.440718 -4.2381 
1.7599 -0.871663 -4.03445 
1.86246 -1.22074 -3.70078 
1.98908 -1.43379 -3.28886 
2.11856 -1.5 -2.86759 
2.24805 -1.43379 -2.44632 
2.37467 -1.22074 -2.0344 
2.47723 -0.871663 -1.70073 
2.53983 -0.440718 -1.49708 
2.55928 1.88411e-15 -1.43379 
2.70619 0 -0.955863 
2.68025 0.587624 -1.04024 
2.59679 1.16222 -1.31178 
2.46004 1.62765 -1.75667 
2.29122 1.91173 -2.3059 
2.11856 2 -2.86759 
1.94591 1.91173 -3.42928 
1.77709 1.62765 -3.97851 
1.64034 1.16222 -4.4234 
1.55688 0.587624 -4.69494 
1.53094 6.28037e-16 -4.77932 
1.55688 -0.587624 -4.69494 
1.64034 -1.16222 -4.4234 
1.77709 -1.62765 -3.97851 
1.94591 -1.91173 -3.42928 
2.11856 -2 -2.86759 
2.29122 -1.91173 -2.3059 
2.46004 -1.62765 -1.75667 
2.59679 -1.16222 -1.31178 
2.68025 -0.587624 -1.04024 
2.70619 2.51215e-15 -0.955863 
2.71016 0 -1.97889 
2.70376 0.293812 -2.02256 
2.68318 0.581109 -2.1631 
2.64946 0.813826 -2.39336 
2.60782 0.955863 -2.67762 
2.56524 1 -2.96833 
2.52266 0.955863 -3.25904 
2.48103 0.813826 -3.5433 
2.4473 0.581109 -3.77357 
2.42672 0.293812 -3.9141 
2.42032 3.14018e-16 -3.95777 
2.42672 -0.293812 -3.9141 
2.4473 -0.581109 -3.77357 
2.48103 -0.813826 -3.5433 
2.52266 -0.955863 -3.25904 
2.56524 -1 -2.96833 
2.60782 -0.955863 -2.67762 
2.64946 -0.813826 -2.39336 
2.68318 -0.581109 -2.1631 
2.70376 -0.293812 -2.02256 
2.71016 1.25607e-15 -1.97889 
2.78262 0 -1.48417 
2.77303 0.440718 -1.54967 
2.74215 0.871663 -1.76048 
2.69156 1.22074 -2.10587 
2.62911 1.43379 -2.53226 
2.56524 1.5 -2.96833 
2.50137 1.43379 -3.4044 
2.43892 1.22074 -3.83079 
2.38833 0.871663 -4.17618 
2.35746 0.440718 -4.38699 
2.34786 4.71028e-16 -4.4525 
2.35746 -0.440718 -4.38699 
2.38833 -0.871663 -4.17618 
2.43892 -1.22074 -3.83079 
2.50137 -1.43379 -3.4044 
2.56524 -1.5 -2.96833 
2.62911 -1.43379 -2.53226 
2.69156 -1.22074 -2.10587 
2.74215 -0.871663 -1.76048 
2.77303 -0.440718 -1.54967 
2.78262 1.88411e-15 -1.48417 
2.85508 0 -0.989443 
2.84229 0.587624 -1.07679 
2.80112 1.16222 -1.35786 
2.73367 1.62765 -1.81838 
2.6504 1.91173 -2.38691 
2.56524 2 -2.96833 
2.48008 1.91173 -3.54975 
2.39681 1.62765 -4.11828 
2.32936 1.16222 -4.5788 
2.2882 0.587624 -4.85988 
2.2754 6.28037e-16 -4.94722 
2.2882 -0.587624 -4.85988 
2.32936 -1.16222 -4.5788 
2.39681 -1.62765 -4.11828 
2.48008 -1.91173 -3.54975 
2.56524 -2 -2.96833 
2.6504 -1.91173 -2.38691 
2.73367 -1.62765 -1.81838 
2.80112 -1.16222 -1.35786 
2.84229 -0.587624 -1.07679 
2.85508 2.51215e-15 -0.989443 
3 0 -2 
3 0.293812 -2.04414 
3 0.581109 -2.18617 
3 0.813826 -2.41889 
3 0.955863 -2.70619 
3 1 -3 
3 0.955863 -3.29381 
3 0.813826 -3.58111 
3 0.581109 -3.81383 
3 0.293812 -3.95586 
3 3.14018e-16 -4 
3 -0.293812 -3.95586 
3 -0.581109 -3.81383 
3 -0.813826 -3.58111 
3 -0.955863 -3.29381 
3 -1 -3 
3 -0.955863 -2.70619 
3 -0.813826 -2.41889 
3 -0.581109 -2.18617 
3 -0.293812 -2.04414 
3 1.25607e-15 -2 
3 0 -1.5 
3 0.440718 -1.56621 
3 0.871663 -1.77926 
3 1.22074 -2.12834 
3 1.43379 -2.55928 
3 1.5 -3 
3 1.43379 -3.44072 
3 1.22074 -3.87166 
3 0.871663 -4.22074 
3 0.440718 -4.43379 
3 4.71028e-16 -4.5 
3 -0.440718 -4.43379 
3 -0.871663 -4.22074 
3 -1.22074 -3.87166 
3 -1.43379 -3.44072 
3 -1.5 -3 
3 -1.43379 -2.55928 
3 -1.22074 -2.12834 
3 -0.871663 -1.77926 
3 -0.440718 -1.56621 
3 1.88411e-15 -1.5 
3 0 -1 
3 0.587624 -1.08827 
3 1.16222 -1.37235 
3 1.62765 -1.83778 
3 1.91173 -2.41238 
3 2 -3 
3 1.91173 -3.58762 
3 1.62765 -4.16222 
3 1.16222 -4.62765 
3 0.587624 -4.91173 
3 6.28037e-16 -5 
3 -0.587624 -4.91173 
3 -1.16222 -4.62765 
3 -1.62765 -4.16222 
3 -1.91173 -3.58762 
3 -2 -3 
3 -1.91173 -2.41238 
3 -1.62765 -1.83778 
3 -1.16222 -1.37235 
3 -0.587624 -1.08827 
3 2.51215e-15 -1 
90
1 0 4 
1 1 4 
0 1 4 
-1 1 4 
-1 0 4 
-1 -1 4 
0 -1 4 
1 -1 4 
1 0 4 
2 0 4 
2 2 4 
0 2 4 
-2 2 4 
-2 0 4 
-2 -2 4 
0 -2 4 
2 -2 4 
2 0 4 
1 0 2 
1 1 2 
0 1 2 
-1 1 2 
-1 0 2 
-1 -1 2 
0 -1 2 
1 -1 2 
1 0 2 
2 0 2 
2 2 2 
0 2 2 
-2 2 2 
-2 0 2 
-2 -2 2 
0 -2 2 
2 -2 2 
2 0 2 
1 0 0 
1 1 0 
0 1 0 
-1 1 0 
-1 0 0 
-1 -1 0 
0 -1 0 
1 -1 0 
1 0 0 
2 0 0 
2 2 0 
0 2 0 
-2 2 0 
-2 0 0 
-2 -2 0 
0 -2 0 
2 -2 0 
2 0 0 
1 0 -2 
1 1 -2 
0 1 -3 
-1 1 -4 
-1 0 -4 
-1 -1 -4 
0 -1 -3 
1 -1 -2 
1 0 -2 
2 0 -1 
2 2 -1 
0 2 -3 
-2 2 -5 
-2 0 -5 
-2 -2 -5 
0 -2 -3 
2 -2 -1 
2 0 -1 
3 0 -2 
3 1 -2 
3 1 -3 
3 1 -4 
3 0 -4 
3 -1 -4 
3 -1 -3 
3 -1 -2 
3 0 -2 
3 0 -1 
3 2 -1 
3 2 -3 
3 2 -5 
3 0 -5 
3 -2 -5 
3 -2 -3 
3 -2 -1 
3 0 -1 
